1040
1041
1042
1043
1045
1046
1104
1105
1106
1107
1161
1163
1165
1168
1169
1170
1171
1173
1174
2040
2041
2042
2043
2045
2046
2104
2105
2106
2107
2161
2163
2165
2168
2169
2170
2171
2173
2174
3040
3041
3042
3043
3045
3046
3104
3105
3106
3107
3161
3163
3165
3168
3169
3170
3171
3173
3174
4040
4041
4042
4043
4045
4046
4104
4105
4106
4107
4161
4163
4165
4168
4169
4170
4171
4173
4174
5040
5041
5042
5043
5045
5046
5104
5105
5106
5107
5161
5163
5165
5168
5169
5170
5171
5173
5174
6040
6041
6042
6043
6045
6046
6104
6105
6106
6107
6161
6163
6165
6168
6169
6170
6171
6173
6174
7040
7041
7042
7043
7045
7046
7104
7105
7106
7107
7161
7163
7165
7168
7169
7170
7171
7173
7174
8040
8041
8042
8043
8045
8046
8104
8105
8106
8107
8161
8163
8165
8168
8169
8170
8171
8173
8174
9040
9041
9042
9043
9045
9046
9104
9105
9106
9107
9161
9163
9165
9168
9169
9170
9171
9173
9174
10040
10041
10042
10043
10045
10046
10104
10105
10106
10107
10161
10163
10165
10168
10169
10170
10171
10173
10174
11040
11041
11042
11043
11045
11046
11104
11105
11106
11107
11161
11163
11165
11168
11169
11170
11171
11173
11174
12040
12041
12042
12043
12045
12046
12104
12105
12106
12107
12161
12163
12165
12168
12169
12170
12171
12173
12174
13040
13041
13042
13043
13045
13046
13104
13105
13106
13107
13161
13163
13165
13168
13169
13170
13171
13173
13174
14040
14041
14042
14043
14045
14046
14104
14105
14106
14107
14161
14163
14165
14168
14169
14170
14171
14173
14174
15040
15041
15042
15043
15045
15046
15104
15105
15106
15107
15161
15163
15165
15168
15169
15170
15171
15173
15174
16040
16041
16042
16043
16045
16046
16104
16105
16106
16107
16161
16163
16165
16168
16169
16170
16171
16173
16174
17040
17041
17042
17043
17045
17046
17104
17105
17106
17107
17161
17163
17165
17168
17169
17170
17171
17173
17174
18040
18041
18042
18043
18045
18046
18104
18105
18106
18107
18161
18163
18165
18168
18169
18170
18171
18173
18174
19040
19041
19042
19043
19045
19046
19104
19105
19106
19107
19161
19163
19165
19168
19169
19170
19171
19173
19174
20040
20041
20042
20043
20045
20046
20104
20105
20106
20107
20161
20163
20165
20168
20169
20170
20171
20173
20174
21040
21041
21042
21043
21045
21046
21104
21105
21106
21107
21161
21163
21165
21168
21169
21170
21171
21173
21174
22040
22041
22042
22043
22045
22046
22104
22105
22106
22107
22161
22163
22165
22168
22169
22170
22171
22173
22174
23040
23041
23042
23043
23045
23046
23104
23105
23106
23107
23161
23163
23165
23168
23169
23170
23171
23173
23174
24040
24041
24042
24043
24045
24046
24104
24105
24106
24107
24161
24163
24165
24168
24169
24170
24171
24173
24174
25040
25041
25042
25043
25045
25046
25104
25105
25106
25107
25161
25163
25165
25168
25169
25170
25171
25173
25174
26040
26041
26042
26043
26045
26046
26104
26105
26106
26107
26161
26163
26165
26168
26169
26170
26171
26173
26174
27040
27041
27042
27043
27045
27046
27104
27105
27106
27107
27161
27163
27165
27168
27169
27170
27171
27173
27174
