1041
1042
1105
1168
1169
1170
1171
2041
2042
2105
2168
2169
2170
2171
3041
3042
3105
3168
3169
3170
3171
4041
4042
4105
4168
4169
4170
4171
5041
5042
5105
5168
5169
5170
5171
6041
6042
6105
6168
6169
6170
6171
7041
7042
7105
7168
7169
7170
7171
8041
8042
8105
8168
8169
8170
8171
9041
9042
9105
9168
9169
9170
9171
10041
10042
10105
10168
10169
10170
10171
11041
11042
11105
11168
11169
11170
11171
12041
12042
12105
12168
12169
12170
12171
13041
13042
13105
13168
13169
13170
13171
14041
14042
14105
14168
14169
14170
14171
15041
15042
15105
15168
15169
15170
15171
16041
16042
16105
16168
16169
16170
16171
17041
17042
17105
17168
17169
17170
17171
18041
18042
18105
18168
18169
18170
18171
19041
19042
19105
19168
19169
19170
19171
20041
20042
20105
20168
20169
20170
20171
21041
21042
21105
21168
21169
21170
21171
22041
22042
22105
22168
22169
22170
22171
23041
23042
23105
23168
23169
23170
23171
24041
24042
24105
24168
24169
24170
24171
25041
25042
25105
25168
25169
25170
25171
26041
26042
26105
26168
26169
26170
26171
27041
27042
27105
27168
27169
27170
27171
