1000
1001
1002
1003
1012
1013
1014
1015
1024
1025
1026
1027
1030
1031
1032
1033
1034
1035
1036
1037
1038
1039
1040
1041
1042
1043
1044
1045
1046
1047
1048
1049
1050
1051
1052
1053
1054
1055
1056
1057
1061
1062
1064
1065
1066
1067
1076
1077
1078
1079
1088
1089
1090
1091
1096
1097
1098
1099
1100
1101
1102
1103
1104
1105
1106
1107
1108
1109
1110
1111
1112
1113
1114
1115
1116
1117
1118
1119
1128
1129
1130
1131
1133
1134
1137
1139
1140
1141
1142
1143
1144
1147
1150
1152
1153
1154
1155
1158
1159
1160
1161
1162
1163
1164
1165
1166
1167
1168
1169
1170
1171
1172
1173
1174
1175
1176
1177
1178
1179
1180
1181
1182
1183
1184
1185
1189
1190
2000
2001
2002
2003
2012
2013
2014
2015
2024
2025
2026
2027
2030
2031
2032
2033
2034
2035
2036
2037
2038
2039
2040
2041
2042
2043
2044
2045
2046
2047
2048
2049
2050
2051
2052
2053
2054
2055
2056
2057
2061
2062
2064
2065
2066
2067
2076
2077
2078
2079
2088
2089
2090
2091
2096
2097
2098
2099
2100
2101
2102
2103
2104
2105
2106
2107
2108
2109
2110
2111
2112
2113
2114
2115
2116
2117
2118
2119
2128
2129
2130
2131
2133
2134
2137
2139
2140
2141
2142
2143
2144
2147
2150
2152
2153
2154
2155
2158
2159
2160
2161
2162
2163
2164
2165
2166
2167
2168
2169
2170
2171
2172
2173
2174
2175
2176
2177
2178
2179
2180
2181
2182
2183
2184
2185
2189
2190
3000
3001
3002
3003
3012
3013
3014
3015
3024
3025
3026
3027
3030
3031
3032
3033
3034
3035
3036
3037
3038
3039
3040
3041
3042
3043
3044
3045
3046
3047
3048
3049
3050
3051
3052
3053
3054
3055
3056
3057
3061
3062
3064
3065
3066
3067
3076
3077
3078
3079
3088
3089
3090
3091
3096
3097
3098
3099
3100
3101
3102
3103
3104
3105
3106
3107
3108
3109
3110
3111
3112
3113
3114
3115
3116
3117
3118
3119
3128
3129
3130
3131
3133
3134
3137
3139
3140
3141
3142
3143
3144
3147
3150
3152
3153
3154
3155
3158
3159
3160
3161
3162
3163
3164
3165
3166
3167
3168
3169
3170
3171
3172
3173
3174
3175
3176
3177
3178
3179
3180
3181
3182
3183
3184
3185
3189
3190
4000
4001
4002
4003
4012
4013
4014
4015
4024
4025
4026
4027
4030
4031
4032
4033
4034
4035
4036
4037
4038
4039
4040
4041
4042
4043
4044
4045
4046
4047
4048
4049
4050
4051
4052
4053
4054
4055
4056
4057
4061
4062
4064
4065
4066
4067
4076
4077
4078
4079
4088
4089
4090
4091
4096
4097
4098
4099
4100
4101
4102
4103
4104
4105
4106
4107
4108
4109
4110
4111
4112
4113
4114
4115
4116
4117
4118
4119
4128
4129
4130
4131
4133
4134
4137
4139
4140
4141
4142
4143
4144
4147
4150
4152
4153
4154
4155
4158
4159
4160
4161
4162
4163
4164
4165
4166
4167
4168
4169
4170
4171
4172
4173
4174
4175
4176
4177
4178
4179
4180
4181
4182
4183
4184
4185
4189
4190
5000
5001
5002
5003
5012
5013
5014
5015
5024
5025
5026
5027
5030
5031
5032
5033
5034
5035
5036
5037
5038
5039
5040
5041
5042
5043
5044
5045
5046
5047
5048
5049
5050
5051
5052
5053
5054
5055
5056
5057
5061
5062
5064
5065
5066
5067
5076
5077
5078
5079
5088
5089
5090
5091
5096
5097
5098
5099
5100
5101
5102
5103
5104
5105
5106
5107
5108
5109
5110
5111
5112
5113
5114
5115
5116
5117
5118
5119
5128
5129
5130
5131
5133
5134
5137
5139
5140
5141
5142
5143
5144
5147
5150
5152
5153
5154
5155
5158
5159
5160
5161
5162
5163
5164
5165
5166
5167
5168
5169
5170
5171
5172
5173
5174
5175
5176
5177
5178
5179
5180
5181
5182
5183
5184
5185
5189
5190
6000
6001
6002
6003
6012
6013
6014
6015
6024
6025
6026
6027
6030
6031
6032
6033
6034
6035
6036
6037
6038
6039
6040
6041
6042
6043
6044
6045
6046
6047
6048
6049
6050
6051
6052
6053
6054
6055
6056
6057
6061
6062
6064
6065
6066
6067
6076
6077
6078
6079
6088
6089
6090
6091
6096
6097
6098
6099
6100
6101
6102
6103
6104
6105
6106
6107
6108
6109
6110
6111
6112
6113
6114
6115
6116
6117
6118
6119
6128
6129
6130
6131
6133
6134
6137
6139
6140
6141
6142
6143
6144
6147
6150
6152
6153
6154
6155
6158
6159
6160
6161
6162
6163
6164
6165
6166
6167
6168
6169
6170
6171
6172
6173
6174
6175
6176
6177
6178
6179
6180
6181
6182
6183
6184
6185
6189
6190
7000
7001
7002
7003
7012
7013
7014
7015
7024
7025
7026
7027
7030
7031
7032
7033
7034
7035
7036
7037
7038
7039
7040
7041
7042
7043
7044
7045
7046
7047
7048
7049
7050
7051
7052
7053
7054
7055
7056
7057
7061
7062
7064
7065
7066
7067
7076
7077
7078
7079
7088
7089
7090
7091
7096
7097
7098
7099
7100
7101
7102
7103
7104
7105
7106
7107
7108
7109
7110
7111
7112
7113
7114
7115
7116
7117
7118
7119
7128
7129
7130
7131
7133
7134
7137
7139
7140
7141
7142
7143
7144
7147
7150
7152
7153
7154
7155
7158
7159
7160
7161
7162
7163
7164
7165
7166
7167
7168
7169
7170
7171
7172
7173
7174
7175
7176
7177
7178
7179
7180
7181
7182
7183
7184
7185
7189
7190
8000
8001
8002
8003
8012
8013
8014
8015
8024
8025
8026
8027
8030
8031
8032
8033
8034
8035
8036
8037
8038
8039
8040
8041
8042
8043
8044
8045
8046
8047
8048
8049
8050
8051
8052
8053
8054
8055
8056
8057
8061
8062
8064
8065
8066
8067
8076
8077
8078
8079
8088
8089
8090
8091
8096
8097
8098
8099
8100
8101
8102
8103
8104
8105
8106
8107
8108
8109
8110
8111
8112
8113
8114
8115
8116
8117
8118
8119
8128
8129
8130
8131
8133
8134
8137
8139
8140
8141
8142
8143
8144
8147
8150
8152
8153
8154
8155
8158
8159
8160
8161
8162
8163
8164
8165
8166
8167
8168
8169
8170
8171
8172
8173
8174
8175
8176
8177
8178
8179
8180
8181
8182
8183
8184
8185
8189
8190
9000
9001
9002
9003
9012
9013
9014
9015
9024
9025
9026
9027
9030
9031
9032
9033
9034
9035
9036
9037
9038
9039
9040
9041
9042
9043
9044
9045
9046
9047
9048
9049
9050
9051
9052
9053
9054
9055
9056
9057
9061
9062
9064
9065
9066
9067
9076
9077
9078
9079
9088
9089
9090
9091
9096
9097
9098
9099
9100
9101
9102
9103
9104
9105
9106
9107
9108
9109
9110
9111
9112
9113
9114
9115
9116
9117
9118
9119
9128
9129
9130
9131
9133
9134
9137
9139
9140
9141
9142
9143
9144
9147
9150
9152
9153
9154
9155
9158
9159
9160
9161
9162
9163
9164
9165
9166
9167
9168
9169
9170
9171
9172
9173
9174
9175
9176
9177
9178
9179
9180
9181
9182
9183
9184
9185
9189
9190
10000
10001
10002
10003
10012
10013
10014
10015
10024
10025
10026
10027
10030
10031
10032
10033
10034
10035
10036
10037
10038
10039
10040
10041
10042
10043
10044
10045
10046
10047
10048
10049
10050
10051
10052
10053
10054
10055
10056
10057
10061
10062
10064
10065
10066
10067
10076
10077
10078
10079
10088
10089
10090
10091
10096
10097
10098
10099
10100
10101
10102
10103
10104
10105
10106
10107
10108
10109
10110
10111
10112
10113
10114
10115
10116
10117
10118
10119
10128
10129
10130
10131
10133
10134
10137
10139
10140
10141
10142
10143
10144
10147
10150
10152
10153
10154
10155
10158
10159
10160
10161
10162
10163
10164
10165
10166
10167
10168
10169
10170
10171
10172
10173
10174
10175
10176
10177
10178
10179
10180
10181
10182
10183
10184
10185
10189
10190
11000
11001
11002
11003
11012
11013
11014
11015
11024
11025
11026
11027
11030
11031
11032
11033
11034
11035
11036
11037
11038
11039
11040
11041
11042
11043
11044
11045
11046
11047
11048
11049
11050
11051
11052
11053
11054
11055
11056
11057
11061
11062
11064
11065
11066
11067
11076
11077
11078
11079
11088
11089
11090
11091
11096
11097
11098
11099
11100
11101
11102
11103
11104
11105
11106
11107
11108
11109
11110
11111
11112
11113
11114
11115
11116
11117
11118
11119
11128
11129
11130
11131
11133
11134
11137
11139
11140
11141
11142
11143
11144
11147
11150
11152
11153
11154
11155
11158
11159
11160
11161
11162
11163
11164
11165
11166
11167
11168
11169
11170
11171
11172
11173
11174
11175
11176
11177
11178
11179
11180
11181
11182
11183
11184
11185
11189
11190
12000
12001
12002
12003
12012
12013
12014
12015
12024
12025
12026
12027
12030
12031
12032
12033
12034
12035
12036
12037
12038
12039
12040
12041
12042
12043
12044
12045
12046
12047
12048
12049
12050
12051
12052
12053
12054
12055
12056
12057
12061
12062
12064
12065
12066
12067
12076
12077
12078
12079
12088
12089
12090
12091
12096
12097
12098
12099
12100
12101
12102
12103
12104
12105
12106
12107
12108
12109
12110
12111
12112
12113
12114
12115
12116
12117
12118
12119
12128
12129
12130
12131
12133
12134
12137
12139
12140
12141
12142
12143
12144
12147
12150
12152
12153
12154
12155
12158
12159
12160
12161
12162
12163
12164
12165
12166
12167
12168
12169
12170
12171
12172
12173
12174
12175
12176
12177
12178
12179
12180
12181
12182
12183
12184
12185
12189
12190
13000
13001
13002
13003
13012
13013
13014
13015
13024
13025
13026
13027
13030
13031
13032
13033
13034
13035
13036
13037
13038
13039
13040
13041
13042
13043
13044
13045
13046
13047
13048
13049
13050
13051
13052
13053
13054
13055
13056
13057
13061
13062
13064
13065
13066
13067
13076
13077
13078
13079
13088
13089
13090
13091
13096
13097
13098
13099
13100
13101
13102
13103
13104
13105
13106
13107
13108
13109
13110
13111
13112
13113
13114
13115
13116
13117
13118
13119
13128
13129
13130
13131
13133
13134
13137
13139
13140
13141
13142
13143
13144
13147
13150
13152
13153
13154
13155
13158
13159
13160
13161
13162
13163
13164
13165
13166
13167
13168
13169
13170
13171
13172
13173
13174
13175
13176
13177
13178
13179
13180
13181
13182
13183
13184
13185
13189
13190
14000
14001
14002
14003
14012
14013
14014
14015
14024
14025
14026
14027
14030
14031
14032
14033
14034
14035
14036
14037
14038
14039
14040
14041
14042
14043
14044
14045
14046
14047
14048
14049
14050
14051
14052
14053
14054
14055
14056
14057
14061
14062
14064
14065
14066
14067
14076
14077
14078
14079
14088
14089
14090
14091
14096
14097
14098
14099
14100
14101
14102
14103
14104
14105
14106
14107
14108
14109
14110
14111
14112
14113
14114
14115
14116
14117
14118
14119
14128
14129
14130
14131
14133
14134
14137
14139
14140
14141
14142
14143
14144
14147
14150
14152
14153
14154
14155
14158
14159
14160
14161
14162
14163
14164
14165
14166
14167
14168
14169
14170
14171
14172
14173
14174
14175
14176
14177
14178
14179
14180
14181
14182
14183
14184
14185
14189
14190
15000
15001
15002
15003
15012
15013
15014
15015
15024
15025
15026
15027
15030
15031
15032
15033
15034
15035
15036
15037
15038
15039
15040
15041
15042
15043
15044
15045
15046
15047
15048
15049
15050
15051
15052
15053
15054
15055
15056
15057
15061
15062
15064
15065
15066
15067
15076
15077
15078
15079
15088
15089
15090
15091
15096
15097
15098
15099
15100
15101
15102
15103
15104
15105
15106
15107
15108
15109
15110
15111
15112
15113
15114
15115
15116
15117
15118
15119
15128
15129
15130
15131
15133
15134
15137
15139
15140
15141
15142
15143
15144
15147
15150
15152
15153
15154
15155
15158
15159
15160
15161
15162
15163
15164
15165
15166
15167
15168
15169
15170
15171
15172
15173
15174
15175
15176
15177
15178
15179
15180
15181
15182
15183
15184
15185
15189
15190
16000
16001
16002
16003
16012
16013
16014
16015
16024
16025
16026
16027
16030
16031
16032
16033
16034
16035
16036
16037
16038
16039
16040
16041
16042
16043
16044
16045
16046
16047
16048
16049
16050
16051
16052
16053
16054
16055
16056
16057
16061
16062
16064
16065
16066
16067
16076
16077
16078
16079
16088
16089
16090
16091
16096
16097
16098
16099
16100
16101
16102
16103
16104
16105
16106
16107
16108
16109
16110
16111
16112
16113
16114
16115
16116
16117
16118
16119
16128
16129
16130
16131
16133
16134
16137
16139
16140
16141
16142
16143
16144
16147
16150
16152
16153
16154
16155
16158
16159
16160
16161
16162
16163
16164
16165
16166
16167
16168
16169
16170
16171
16172
16173
16174
16175
16176
16177
16178
16179
16180
16181
16182
16183
16184
16185
16189
16190
17000
17001
17002
17003
17012
17013
17014
17015
17024
17025
17026
17027
17030
17031
17032
17033
17034
17035
17036
17037
17038
17039
17040
17041
17042
17043
17044
17045
17046
17047
17048
17049
17050
17051
17052
17053
17054
17055
17056
17057
17061
17062
17064
17065
17066
17067
17076
17077
17078
17079
17088
17089
17090
17091
17096
17097
17098
17099
17100
17101
17102
17103
17104
17105
17106
17107
17108
17109
17110
17111
17112
17113
17114
17115
17116
17117
17118
17119
17128
17129
17130
17131
17133
17134
17137
17139
17140
17141
17142
17143
17144
17147
17150
17152
17153
17154
17155
17158
17159
17160
17161
17162
17163
17164
17165
17166
17167
17168
17169
17170
17171
17172
17173
17174
17175
17176
17177
17178
17179
17180
17181
17182
17183
17184
17185
17189
17190
18000
18001
18002
18003
18012
18013
18014
18015
18024
18025
18026
18027
18030
18031
18032
18033
18034
18035
18036
18037
18038
18039
18040
18041
18042
18043
18044
18045
18046
18047
18048
18049
18050
18051
18052
18053
18054
18055
18056
18057
18061
18062
18064
18065
18066
18067
18076
18077
18078
18079
18088
18089
18090
18091
18096
18097
18098
18099
18100
18101
18102
18103
18104
18105
18106
18107
18108
18109
18110
18111
18112
18113
18114
18115
18116
18117
18118
18119
18128
18129
18130
18131
18133
18134
18137
18139
18140
18141
18142
18143
18144
18147
18150
18152
18153
18154
18155
18158
18159
18160
18161
18162
18163
18164
18165
18166
18167
18168
18169
18170
18171
18172
18173
18174
18175
18176
18177
18178
18179
18180
18181
18182
18183
18184
18185
18189
18190
19000
19001
19002
19003
19012
19013
19014
19015
19024
19025
19026
19027
19030
19031
19032
19033
19034
19035
19036
19037
19038
19039
19040
19041
19042
19043
19044
19045
19046
19047
19048
19049
19050
19051
19052
19053
19054
19055
19056
19057
19061
19062
19064
19065
19066
19067
19076
19077
19078
19079
19088
19089
19090
19091
19096
19097
19098
19099
19100
19101
19102
19103
19104
19105
19106
19107
19108
19109
19110
19111
19112
19113
19114
19115
19116
19117
19118
19119
19128
19129
19130
19131
19133
19134
19137
19139
19140
19141
19142
19143
19144
19147
19150
19152
19153
19154
19155
19158
19159
19160
19161
19162
19163
19164
19165
19166
19167
19168
19169
19170
19171
19172
19173
19174
19175
19176
19177
19178
19179
19180
19181
19182
19183
19184
19185
19189
19190
20000
20001
20002
20003
20012
20013
20014
20015
20024
20025
20026
20027
20030
20031
20032
20033
20034
20035
20036
20037
20038
20039
20040
20041
20042
20043
20044
20045
20046
20047
20048
20049
20050
20051
20052
20053
20054
20055
20056
20057
20061
20062
20064
20065
20066
20067
20076
20077
20078
20079
20088
20089
20090
20091
20096
20097
20098
20099
20100
20101
20102
20103
20104
20105
20106
20107
20108
20109
20110
20111
20112
20113
20114
20115
20116
20117
20118
20119
20128
20129
20130
20131
20133
20134
20137
20139
20140
20141
20142
20143
20144
20147
20150
20152
20153
20154
20155
20158
20159
20160
20161
20162
20163
20164
20165
20166
20167
20168
20169
20170
20171
20172
20173
20174
20175
20176
20177
20178
20179
20180
20181
20182
20183
20184
20185
20189
20190
21000
21001
21002
21003
21012
21013
21014
21015
21024
21025
21026
21027
21030
21031
21032
21033
21034
21035
21036
21037
21038
21039
21040
21041
21042
21043
21044
21045
21046
21047
21048
21049
21050
21051
21052
21053
21054
21055
21056
21057
21061
21062
21064
21065
21066
21067
21076
21077
21078
21079
21088
21089
21090
21091
21096
21097
21098
21099
21100
21101
21102
21103
21104
21105
21106
21107
21108
21109
21110
21111
21112
21113
21114
21115
21116
21117
21118
21119
21128
21129
21130
21131
21133
21134
21137
21139
21140
21141
21142
21143
21144
21147
21150
21152
21153
21154
21155
21158
21159
21160
21161
21162
21163
21164
21165
21166
21167
21168
21169
21170
21171
21172
21173
21174
21175
21176
21177
21178
21179
21180
21181
21182
21183
21184
21185
21189
21190
22000
22001
22002
22003
22012
22013
22014
22015
22024
22025
22026
22027
22030
22031
22032
22033
22034
22035
22036
22037
22038
22039
22040
22041
22042
22043
22044
22045
22046
22047
22048
22049
22050
22051
22052
22053
22054
22055
22056
22057
22061
22062
22064
22065
22066
22067
22076
22077
22078
22079
22088
22089
22090
22091
22096
22097
22098
22099
22100
22101
22102
22103
22104
22105
22106
22107
22108
22109
22110
22111
22112
22113
22114
22115
22116
22117
22118
22119
22128
22129
22130
22131
22133
22134
22137
22139
22140
22141
22142
22143
22144
22147
22150
22152
22153
22154
22155
22158
22159
22160
22161
22162
22163
22164
22165
22166
22167
22168
22169
22170
22171
22172
22173
22174
22175
22176
22177
22178
22179
22180
22181
22182
22183
22184
22185
22189
22190
23000
23001
23002
23003
23012
23013
23014
23015
23024
23025
23026
23027
23030
23031
23032
23033
23034
23035
23036
23037
23038
23039
23040
23041
23042
23043
23044
23045
23046
23047
23048
23049
23050
23051
23052
23053
23054
23055
23056
23057
23061
23062
23064
23065
23066
23067
23076
23077
23078
23079
23088
23089
23090
23091
23096
23097
23098
23099
23100
23101
23102
23103
23104
23105
23106
23107
23108
23109
23110
23111
23112
23113
23114
23115
23116
23117
23118
23119
23128
23129
23130
23131
23133
23134
23137
23139
23140
23141
23142
23143
23144
23147
23150
23152
23153
23154
23155
23158
23159
23160
23161
23162
23163
23164
23165
23166
23167
23168
23169
23170
23171
23172
23173
23174
23175
23176
23177
23178
23179
23180
23181
23182
23183
23184
23185
23189
23190
24000
24001
24002
24003
24012
24013
24014
24015
24024
24025
24026
24027
24030
24031
24032
24033
24034
24035
24036
24037
24038
24039
24040
24041
24042
24043
24044
24045
24046
24047
24048
24049
24050
24051
24052
24053
24054
24055
24056
24057
24061
24062
24064
24065
24066
24067
24076
24077
24078
24079
24088
24089
24090
24091
24096
24097
24098
24099
24100
24101
24102
24103
24104
24105
24106
24107
24108
24109
24110
24111
24112
24113
24114
24115
24116
24117
24118
24119
24128
24129
24130
24131
24133
24134
24137
24139
24140
24141
24142
24143
24144
24147
24150
24152
24153
24154
24155
24158
24159
24160
24161
24162
24163
24164
24165
24166
24167
24168
24169
24170
24171
24172
24173
24174
24175
24176
24177
24178
24179
24180
24181
24182
24183
24184
24185
24189
24190
25000
25001
25002
25003
25012
25013
25014
25015
25024
25025
25026
25027
25030
25031
25032
25033
25034
25035
25036
25037
25038
25039
25040
25041
25042
25043
25044
25045
25046
25047
25048
25049
25050
25051
25052
25053
25054
25055
25056
25057
25061
25062
25064
25065
25066
25067
25076
25077
25078
25079
25088
25089
25090
25091
25096
25097
25098
25099
25100
25101
25102
25103
25104
25105
25106
25107
25108
25109
25110
25111
25112
25113
25114
25115
25116
25117
25118
25119
25128
25129
25130
25131
25133
25134
25137
25139
25140
25141
25142
25143
25144
25147
25150
25152
25153
25154
25155
25158
25159
25160
25161
25162
25163
25164
25165
25166
25167
25168
25169
25170
25171
25172
25173
25174
25175
25176
25177
25178
25179
25180
25181
25182
25183
25184
25185
25189
25190
26000
26001
26002
26003
26012
26013
26014
26015
26024
26025
26026
26027
26030
26031
26032
26033
26034
26035
26036
26037
26038
26039
26040
26041
26042
26043
26044
26045
26046
26047
26048
26049
26050
26051
26052
26053
26054
26055
26056
26057
26061
26062
26064
26065
26066
26067
26076
26077
26078
26079
26088
26089
26090
26091
26096
26097
26098
26099
26100
26101
26102
26103
26104
26105
26106
26107
26108
26109
26110
26111
26112
26113
26114
26115
26116
26117
26118
26119
26128
26129
26130
26131
26133
26134
26137
26139
26140
26141
26142
26143
26144
26147
26150
26152
26153
26154
26155
26158
26159
26160
26161
26162
26163
26164
26165
26166
26167
26168
26169
26170
26171
26172
26173
26174
26175
26176
26177
26178
26179
26180
26181
26182
26183
26184
26185
26189
26190
27000
27001
27002
27003
27012
27013
27014
27015
27024
27025
27026
27027
27030
27031
27032
27033
27034
27035
27036
27037
27038
27039
27040
27041
27042
27043
27044
27045
27046
27047
27048
27049
27050
27051
27052
27053
27054
27055
27056
27057
27061
27062
27064
27065
27066
27067
27076
27077
27078
27079
27088
27089
27090
27091
27096
27097
27098
27099
27100
27101
27102
27103
27104
27105
27106
27107
27108
27109
27110
27111
27112
27113
27114
27115
27116
27117
27118
27119
27128
27129
27130
27131
27133
27134
27137
27139
27140
27141
27142
27143
27144
27147
27150
27152
27153
27154
27155
27158
27159
27160
27161
27162
27163
27164
27165
27166
27167
27168
27169
27170
27171
27172
27173
27174
27175
27176
27177
27178
27179
27180
27181
27182
27183
27184
27185
27189
27190
