1033
1035
1037
1038
1040
1041
1042
1043
1044
1045
1046
1047
1096
1097
1101
1104
1105
1106
1107
1109
1110
1160
1161
1162
1163
1164
1165
1166
1167
1168
1169
1170
1171
1172
1173
1174
1175
2033
2035
2037
2038
2040
2041
2042
2043
2044
2045
2046
2047
2096
2097
2101
2104
2105
2106
2107
2109
2110
2160
2161
2162
2163
2164
2165
2166
2167
2168
2169
2170
2171
2172
2173
2174
2175
3033
3035
3037
3038
3040
3041
3042
3043
3044
3045
3046
3047
3096
3097
3101
3104
3105
3106
3107
3109
3110
3160
3161
3162
3163
3164
3165
3166
3167
3168
3169
3170
3171
3172
3173
3174
3175
4033
4035
4037
4038
4040
4041
4042
4043
4044
4045
4046
4047
4096
4097
4101
4104
4105
4106
4107
4109
4110
4160
4161
4162
4163
4164
4165
4166
4167
4168
4169
4170
4171
4172
4173
4174
4175
5033
5035
5037
5038
5040
5041
5042
5043
5044
5045
5046
5047
5096
5097
5101
5104
5105
5106
5107
5109
5110
5160
5161
5162
5163
5164
5165
5166
5167
5168
5169
5170
5171
5172
5173
5174
5175
6033
6035
6037
6038
6040
6041
6042
6043
6044
6045
6046
6047
6096
6097
6101
6104
6105
6106
6107
6109
6110
6160
6161
6162
6163
6164
6165
6166
6167
6168
6169
6170
6171
6172
6173
6174
6175
7033
7035
7037
7038
7040
7041
7042
7043
7044
7045
7046
7047
7096
7097
7101
7104
7105
7106
7107
7109
7110
7160
7161
7162
7163
7164
7165
7166
7167
7168
7169
7170
7171
7172
7173
7174
7175
8033
8035
8037
8038
8040
8041
8042
8043
8044
8045
8046
8047
8096
8097
8101
8104
8105
8106
8107
8109
8110
8160
8161
8162
8163
8164
8165
8166
8167
8168
8169
8170
8171
8172
8173
8174
8175
9033
9035
9037
9038
9040
9041
9042
9043
9044
9045
9046
9047
9096
9097
9101
9104
9105
9106
9107
9109
9110
9160
9161
9162
9163
9164
9165
9166
9167
9168
9169
9170
9171
9172
9173
9174
9175
10033
10035
10037
10038
10040
10041
10042
10043
10044
10045
10046
10047
10096
10097
10101
10104
10105
10106
10107
10109
10110
10160
10161
10162
10163
10164
10165
10166
10167
10168
10169
10170
10171
10172
10173
10174
10175
11033
11035
11037
11038
11040
11041
11042
11043
11044
11045
11046
11047
11096
11097
11101
11104
11105
11106
11107
11109
11110
11160
11161
11162
11163
11164
11165
11166
11167
11168
11169
11170
11171
11172
11173
11174
11175
12033
12035
12037
12038
12040
12041
12042
12043
12044
12045
12046
12047
12096
12097
12101
12104
12105
12106
12107
12109
12110
12160
12161
12162
12163
12164
12165
12166
12167
12168
12169
12170
12171
12172
12173
12174
12175
13033
13035
13037
13038
13040
13041
13042
13043
13044
13045
13046
13047
13096
13097
13101
13104
13105
13106
13107
13109
13110
13160
13161
13162
13163
13164
13165
13166
13167
13168
13169
13170
13171
13172
13173
13174
13175
14033
14035
14037
14038
14040
14041
14042
14043
14044
14045
14046
14047
14096
14097
14101
14104
14105
14106
14107
14109
14110
14160
14161
14162
14163
14164
14165
14166
14167
14168
14169
14170
14171
14172
14173
14174
14175
15033
15035
15037
15038
15040
15041
15042
15043
15044
15045
15046
15047
15096
15097
15101
15104
15105
15106
15107
15109
15110
15160
15161
15162
15163
15164
15165
15166
15167
15168
15169
15170
15171
15172
15173
15174
15175
16033
16035
16037
16038
16040
16041
16042
16043
16044
16045
16046
16047
16096
16097
16101
16104
16105
16106
16107
16109
16110
16160
16161
16162
16163
16164
16165
16166
16167
16168
16169
16170
16171
16172
16173
16174
16175
17033
17035
17037
17038
17040
17041
17042
17043
17044
17045
17046
17047
17096
17097
17101
17104
17105
17106
17107
17109
17110
17160
17161
17162
17163
17164
17165
17166
17167
17168
17169
17170
17171
17172
17173
17174
17175
18033
18035
18037
18038
18040
18041
18042
18043
18044
18045
18046
18047
18096
18097
18101
18104
18105
18106
18107
18109
18110
18160
18161
18162
18163
18164
18165
18166
18167
18168
18169
18170
18171
18172
18173
18174
18175
19033
19035
19037
19038
19040
19041
19042
19043
19044
19045
19046
19047
19096
19097
19101
19104
19105
19106
19107
19109
19110
19160
19161
19162
19163
19164
19165
19166
19167
19168
19169
19170
19171
19172
19173
19174
19175
20033
20035
20037
20038
20040
20041
20042
20043
20044
20045
20046
20047
20096
20097
20101
20104
20105
20106
20107
20109
20110
20160
20161
20162
20163
20164
20165
20166
20167
20168
20169
20170
20171
20172
20173
20174
20175
21033
21035
21037
21038
21040
21041
21042
21043
21044
21045
21046
21047
21096
21097
21101
21104
21105
21106
21107
21109
21110
21160
21161
21162
21163
21164
21165
21166
21167
21168
21169
21170
21171
21172
21173
21174
21175
22033
22035
22037
22038
22040
22041
22042
22043
22044
22045
22046
22047
22096
22097
22101
22104
22105
22106
22107
22109
22110
22160
22161
22162
22163
22164
22165
22166
22167
22168
22169
22170
22171
22172
22173
22174
22175
23033
23035
23037
23038
23040
23041
23042
23043
23044
23045
23046
23047
23096
23097
23101
23104
23105
23106
23107
23109
23110
23160
23161
23162
23163
23164
23165
23166
23167
23168
23169
23170
23171
23172
23173
23174
23175
24033
24035
24037
24038
24040
24041
24042
24043
24044
24045
24046
24047
24096
24097
24101
24104
24105
24106
24107
24109
24110
24160
24161
24162
24163
24164
24165
24166
24167
24168
24169
24170
24171
24172
24173
24174
24175
25033
25035
25037
25038
25040
25041
25042
25043
25044
25045
25046
25047
25096
25097
25101
25104
25105
25106
25107
25109
25110
25160
25161
25162
25163
25164
25165
25166
25167
25168
25169
25170
25171
25172
25173
25174
25175
26033
26035
26037
26038
26040
26041
26042
26043
26044
26045
26046
26047
26096
26097
26101
26104
26105
26106
26107
26109
26110
26160
26161
26162
26163
26164
26165
26166
26167
26168
26169
26170
26171
26172
26173
26174
26175
27033
27035
27037
27038
27040
27041
27042
27043
27044
27045
27046
27047
27096
27097
27101
27104
27105
27106
27107
27109
27110
27160
27161
27162
27163
27164
27165
27166
27167
27168
27169
27170
27171
27172
27173
27174
27175
